NAME: "CIFAR10"
CIFAR_MEAN : [0.49139968, 0.48215827, 0.44653124]
CIFAR_STD : [0.24703233, 0.24348505, 0.26158768]
NUM_CLASSES: 10
DATASET_PATH : 